%YAML:1.0
face_0: !!opencv-nd-matrix
  sizes: [1, 23, 3]
  dt: f
  data: [715.8694458007812, 139.4891357421875, -0.3476261794567108, 737.345947265625, 116.88470458984375, -0.3223104178905487, 748.432861328125, 119.24102783203125, -0.32272177934646606, 761.7975463867188, 122.06817626953125, -0.3227180242538452, 701.3497924804688, 108.10888671875, -0.314992219209671, 690.5587158203125, 106.05712890625, -0.3157350420951843, 679.7919311523438, 104.3416748046875, -0.3161885142326355, 774.2533569335938, 140.6617431640625, -0.14078891277313232, 656.4321899414062, 117.64776611328125, -0.10733425617218018, 733.7413330078125, 173.14089965820312, -0.26901447772979736, 686.897216796875, 167.031005859375, -0.26416119933128357, 855.996337890625, 273.5062561035156, -0.03834885358810425, 537.1945190429688, 266.4627990722656, 0.07152567058801651, 984.9521484375, 504.31695556640625, -0.12085214257240295, 407.7835388183594, 495.853515625, -0.011551130563020706, 807.69970703125, 393.85955810546875, -0.2920902669429779, 546.9403686523438, 375.69915771484375, -0.24637241661548615, 744.0631103515625, 383.1445617675781, -0.31760916113853455, 614.032470703125, 356.9538269042969, -0.2871458828449249, 751.4060668945312, 331.15625, -0.2782003581523895, 594.5645751953125, 298.115478515625, -0.2543398439884186, 760.0728759765625, 342.14080810546875, -0.2693118155002594, 576.99169921875, 302.29339599609375, -0.23696425557136536]
