%YAML:1.0
face_0: !!opencv-nd-matrix
  sizes: [1, 70, 3]
  dt: f
  data: [675.9164428710938, 100.32286071777344, 0.013329964131116867, 647.311279296875, 104.69203186035156, 0.040152572095394135, 661.309814453125, 102.46971130371094, 0.020296582952141762, 687.5838623046875, 131.6287078857422, -0.0052278246730566025, 709.10693359375, 156.7057342529297, -0.021980760619044304, 709.2681274414062, 164.1233367919922, -0.020666927099227905, 701.5547485351562, 159.35610961914062, -0.019670570269227028, 696.6146240234375, 163.33251953125, -0.016642188653349876, 704.2064208984375, 165.13955688476562, -0.019052686169743538, 700.2168579101562, 166.9722137451172, -0.015970291569828987, 685.71435546875, 175.540283203125, -0.00997901801019907, 715.12646484375, 133.42706298828125, -0.03128207102417946, 715.2803344726562, 127.27415466308594, -0.032129619270563126, 669.4486694335938, 85.79304504394531, 0.011773146688938141, 701.6689453125, 117.6507568359375, -0.00260222633369267, 700.3146362304688, 132.85324096679688, -0.01760845072567463, 699.95751953125, 130.24778747558594, -0.015398128889501095, 667.8507080078125, 130.54298400878906, 0.0008904659771360457, 716.3117065429688, 120.59785461425781, -0.02736685425043106, 686.28076171875, 79.5463638305664, 0.0031413601245731115, 676.8994750976562, 81.275634765625, 0.007211371324956417, 664.4234619140625, 67.1243896484375, 0.03539904206991196, 712.8087768554688, 88.01017761230469, -0.001464953413233161, 701.3079223632812, 95.37606811523438, 0.006826591677963734, 682.661376953125, 168.953857421875, -0.008083945140242577, 642.3381958007812, 167.4873046875, 0.04272637888789177, 704.5662841796875, 136.96458435058594, -0.0156442541629076, 709.2893676757812, 139.71685791015625, -0.016513749957084656, 690.9036254882812, 170.72454833984375, -0.00926350336521864, 694.0839233398438, 170.70196533203125, -0.0108540253713727, 673.6134033203125, 77.05390930175781, 0.011078281328082085, 699.8504028320312, 136.5748748779297, -0.01492905430495739, 698.13037109375, 81.24768829345703, 0.00024556333664804697, 697.741455078125, 75.9823989868164, 0.0002860010717995465, 693.7571411132812, 53.83928680419922, 0.01622508466243744, 669.2225341796875, 71.72248840332031, 0.02156383916735649, 696.4976196289062, 64.28880310058594, 0.008056635037064552, 665.49462890625, 83.22616577148438, 0.0175536647439003, 660.3514404296875, 81.1099853515625, 0.030261583626270294, 709.0918579101562, 160.7238311767578, -0.02212609350681305, 703.0164794921875, 162.63519287109375, -0.019815899431705475, 698.4417724609375, 165.16500854492188, -0.016908202320337296, 706.0039672851562, 138.62045288085938, -0.014516952447593212, 692.6136474609375, 170.88885498046875, -0.010126644745469093, 694.1488037109375, 172.11990356445312, -0.013312539085745811, 694.7382202148438, 170.309814453125, -0.010902861133217812, 708.1771240234375, 133.6226348876953, -0.023100411519408226, 701.3632202148438, 167.29010009765625, -0.01515469141304493, 705.20263671875, 166.25144958496094, -0.016991373151540756, 709.6617431640625, 166.00469970703125, -0.018453147262334824, 701.7903442382812, 189.5774688720703, -0.012292585335671902, 703.8050537109375, 183.1959686279297, -0.01789846085011959, 705.171875, 179.28358459472656, -0.018746433779597282, 706.5762329101562, 175.53358459472656, -0.017414383590221405, 707.6063232421875, 173.30087280273438, -0.016262590885162354, 699.4619140625, 171.76498413085938, -0.01361924409866333, 698.2517700195312, 172.43649291992188, -0.01478590164333582, 696.221923828125, 173.85147094726562, -0.01600039005279541, 694.1515502929688, 175.7475128173828, -0.015439539216458797, 691.3250732421875, 155.4093017578125, -0.013502486981451511, 640.2969970703125, 135.44900512695312, 0.05839002877473831, 718.76708984375, 140.3250274658203, -0.022213412448763847, 697.154541015625, 171.4349822998047, -0.012146308086812496, 695.8994140625, 171.57525634765625, -0.012912707403302193, 710.7853393554688, 142.80393981933594, -0.01743377558887005, 701.3836059570312, 141.44187927246094, -0.011183149181306362, 710.0826416015625, 141.31654357910156, -0.01699972338974476, 694.3513793945312, 120.93116760253906, -0.0017867409624159336, 683.5986328125, 124.06751251220703, -0.0012341346591711044, 698.5787353515625, 133.6688232421875, -0.01262073777616024]
