%YAML:1.0
face_0: !!opencv-nd-matrix
  sizes: [1, 23, 3]
  dt: f
  data: [1066.2532424926758, 168.12854290008545, -0.0931529551744461, 1055.8280181884766, 150.00135898590088, -0.08272504061460495, 1052.2444152832031, 149.50056910514832, -0.08293130248785019, 1048.0026626586914, 149.0996217727661, -0.08284460753202438, 1056.0435104370117, 150.56513786315918, -0.11510290950536728, 1053.204116821289, 150.47005891799927, -0.11537139862775803, 1049.659423828125, 150.36413311958313, -0.11546414345502853, 1025.0548553466797, 156.07875108718872, -0.024925220757722855, 1027.5010299682617, 156.817045211792, -0.17055733501911163, 1055.2353286743164, 186.6064953804016, -0.06529352813959122, 1055.5513000488281, 185.74840307235718, -0.10900268703699112, 988.36669921875, 246.66223883628845, 0.08976490050554276, 995.4114532470703, 248.32029461860657, -0.23772032558918, 976.8491363525391, 396.83592438697815, 0.13257676362991333, 990.7650375366211, 401.352721452713, -0.28573888540267944, 1002.3690032958984, 507.8521478176117, 0.06153525784611702, 1026.833381652832, 521.9132101535797, -0.2627173364162445, 999.4133377075195, 545.6061816215515, 0.059920914471149445, 1028.2023239135742, 558.9266967773438, -0.29129844903945923, 1013.0295181274414, 546.0603976249695, 0.031461797654628754, 1040.9038925170898, 560.2349495887756, -0.28677305579185486, 1013.3157348632812, 535.0536417961121, 0.04793516919016838, 1040.6333541870117, 550.4268836975098, -0.259407639503479]
