%YAML:1.0
face_0: !!opencv-nd-matrix
  sizes: [1, 21, 3]
  dt: f
  data: [810.2843017578125, 384.3872985839844, -8.266278683777273e-08, 794.170654296875, 358.40380859375, -0.0014079447137191892, 768.3512573242188, 327.1380310058594, -0.0072581833228468895, 753.2657470703125, 302.1390380859375, -0.012781327590346336, 749.7098999023438, 281.5191955566406, -0.020983664318919182, 763.0100708007812, 322.1974182128906, -0.025711627677083015, 713.9320678710938, 331.55401611328125, -0.03796451911330223, 685.1757202148438, 338.6168518066406, -0.04534600302577019, 662.031982421875, 343.04742431640625, -0.05065036937594414, 769.5697631835938, 337.87896728515625, -0.03229474648833275, 713.5598754882812, 342.8470458984375, -0.04413443058729172, 679.0820922851562, 350.2793884277344, -0.05068044364452362, 651.2471923828125, 356.8143615722656, -0.056616511195898056, 772.888916015625, 358.57354736328125, -0.03743588924407959, 722.4468383789062, 363.88519287109375, -0.048653848469257355, 691.3981323242188, 370.4918212890625, -0.051851920783519745, 667.00439453125, 374.72393798828125, -0.05425677448511124, 771.59619140625, 382.91473388671875, -0.04184352606534958, 731.3941040039062, 382.69781494140625, -0.05116206407546997, 708.4257202148438, 382.4632568359375, -0.05246112868189812, 689.5570068359375, 380.6133728027344, -0.05325063690543175]
