%YAML:1.0
face_0: !!opencv-nd-matrix
  sizes: [1, 70, 3]
  dt: f
  data: [1020.9093, 151.816254, 0.656632066]
